100
100
75 65 10 72 76 32 20 49 73 81 26 48 60 98 10 20 20 26 28 86 14 5 79 73 31 60 83 73 52 67 46 27 84 8 99 61 40 71 10 65 53 37 13 65 35 23 37 7 1 65 93 15 22 73 88 53 85 23 27 89 42 73 16 27 33 68 88 73 39 50 90 44 87 3 61 74 78 98 33 79 63 27 94 86 52 34 91 89 58 18 78 52 43 46 79 76 14 19 1 6 
70 91 50 9 46 12 36 24 62 69 3 78 96 97 16 0 32 7 89 42 26 67 94 21 14 26 98 80 45 51 86 67 95 37 77 41 1 65 18 63 34 21 41 83 71 57 35 55 65 25 97 43 44 43 64 10 69 14 91 15 18 77 34 65 66 63 6 19 28 76 83 15 50 76 98 21 34 85 76 51 10 25 46 7 68 10 17 90 25 8 57 95 38 91 60 56 55 18 76 35 
95 11 50 45 87 0 18 73 86 94 76 48 71 22 55 91 33 73 33 10 33 90 5 23 34 17 80 89 35 8 24 30 19 27 27 58 27 45 32 13 91 8 14 14 83 69 6 16 94 39 78 80 82 35 3 16 52 35 5 39 43 81 22 14 8 49 73 88 95 57 53 38 65 67 53 48 89 59 16 83 50 46 63 32 33 19 0 37 54 57 77 50 39 99 16 99 48 89 39 95 
98 93 86 64 12 39 64 1 50 33 37 52 31 52 37 65 71 37 2 78 95 79 80 34 30 96 85 31 38 25 78 36 70 64 52 82 3 69 36 5 2 73 58 85 25 95 50 97 32 53 27 79 84 7 65 67 55 51 98 45 28 76 34 50 41 86 32 96 7 68 54 61 93 12 47 19 59 97 68 43 2 47 23 39 6 88 6 61 91 4 59 71 32 93 21 73 79 54 22 39 
74 76 0 20 40 47 39 99 45 59 94 99 58 17 38 64 58 44 25 49 0 36 21 33 29 42 58 61 48 32 0 75 60 0 95 0 48 86 51 45 97 46 44 55 15 35 19 73 31 96 23 32 33 44 17 62 38 75 75 87 8 75 14 68 76 9 21 76 95 72 21 44 70 17 99 86 52 18 59 84 66 82 68 99 78 85 14 69 60 89 8 20 65 22 41 93 31 62 21 78 
86 42 22 57 11 73 43 64 91 2 0 9 37 68 9 67 53 75 36 65 64 44 38 81 66 79 26 49 93 47 79 79 41 1 88 53 26 31 69 69 86 69 79 75 89 88 42 94 63 31 59 79 75 97 61 94 28 39 43 21 87 75 53 28 28 41 33 55 25 2 24 11 23 3 38 64 43 80 58 6 63 70 38 39 19 99 85 48 90 80 21 77 55 74 58 84 16 43 39 41 
98 63 4 21 19 42 38 62 74 96 69 38 66 59 29 86 58 14 86 0 94 7 78 50 82 88 34 50 31 25 91 29 88 47 3 59 89 41 22 15 89 43 53 8 2 34 46 12 48 32 12 95 39 90 97 73 30 83 23 62 8 66 43 48 13 46 8 54 39 30 70 29 73 75 37 75 10 83 87 10 67 99 5 58 42 54 32 72 37 7 86 45 26 30 46 39 28 54 46 68 
36 68 49 9 43 38 36 5 73 75 68 40 26 25 50 20 80 82 93 17 42 31 15 68 61 61 59 42 67 57 10 3 25 11 64 21 49 52 78 74 27 46 66 5 72 16 26 52 51 71 21 93 2 36 13 16 97 72 58 64 30 20 19 7 83 83 28 32 35 7 58 14 53 24 20 77 40 98 29 91 69 3 36 23 39 49 91 89 74 49 5 56 21 25 63 4 8 44 88 96 
51 46 62 56 70 34 34 63 32 15 54 53 18 43 29 10 92 20 99 18 70 4 74 43 29 90 48 90 34 36 38 37 35 52 93 57 87 79 20 71 47 27 25 65 70 54 27 14 26 26 33 48 83 59 92 64 1 40 6 35 28 44 24 63 97 18 21 36 97 93 7 96 20 32 62 42 38 41 57 17 68 42 65 3 53 57 67 55 49 74 42 30 70 67 45 67 85 18 3 34 
12 11 31 32 95 45 75 86 86 84 3 6 26 20 9 31 78 77 86 79 3 29 9 73 96 55 93 33 25 96 19 37 59 2 22 7 47 49 45 86 33 0 92 11 20 54 42 50 83 29 30 86 10 91 59 6 98 52 91 24 1 10 61 12 13 35 71 12 84 16 98 17 16 43 80 37 97 75 39 32 4 69 18 66 61 29 24 11 34 15 35 87 77 49 99 90 84 71 3 69 
39 53 38 56 48 19 45 97 94 84 29 50 6 99 68 19 29 92 30 15 59 18 2 36 67 53 79 51 76 34 72 16 87 11 24 36 82 69 33 28 5 15 30 63 14 98 82 95 42 13 62 1 31 64 89 50 70 68 53 46 2 26 14 42 89 38 30 71 59 15 51 17 30 81 80 97 31 63 92 25 28 55 78 11 71 67 61 93 36 14 92 90 92 6 84 81 97 14 4 8 
82 55 25 12 88 58 61 71 73 54 48 1 61 26 64 84 94 77 78 82 43 22 72 36 28 57 17 77 23 74 86 5 81 63 70 22 73 31 93 46 37 42 99 50 68 63 35 14 40 65 96 84 87 69 72 67 78 41 45 1 15 83 59 97 98 29 19 72 12 64 70 2 58 70 52 79 85 87 93 78 4 42 14 91 11 86 11 41 27 8 94 95 91 53 44 41 34 15 65 99 
79 36 1 90 58 53 21 43 93 66 73 97 8 87 41 71 25 52 12 5 60 59 0 3 64 44 96 51 11 62 50 42 50 51 32 8 56 5 3 49 72 77 99 80 16 92 4 42 96 68 47 56 27 99 11 92 95 59 43 6 21 45 48 23 48 33 31 4 38 87 6 10 64 57 43 80 49 47 22 45 15 21 53 95 20 16 39 15 75 82 73 49 79 22 72 27 55 56 31 93 
43 89 56 7 46 51 39 47 50 14 92 65 35 97 12 8 13 51 75 41 85 49 90 64 23 14 91 78 70 75 23 13 64 31 72 11 82 12 58 32 26 3 50 13 52 62 21 18 14 49 59 99 98 1 64 21 15 55 51 86 82 74 51 47 6 24 10 40 36 20 73 14 75 23 27 28 85 49 46 51 50 5 3 48 58 67 21 73 74 72 11 57 98 63 56 56 87 66 49 75 
86 22 89 62 97 68 42 82 69 88 86 19 45 89 19 3 8 40 28 82 64 40 91 15 3 47 23 42 65 72 69 52 94 10 66 91 78 60 26 0 48 64 19 45 53 39 48 61 31 76 95 96 68 87 11 23 86 34 17 52 59 86 56 53 48 74 97 79 34 75 79 34 39 50 79 44 89 79 5 21 7 0 69 76 39 80 99 78 66 17 30 77 55 38 31 56 64 80 35 50 
7 66 84 46 16 15 90 58 94 47 31 1 99 0 29 39 32 81 69 50 98 51 28 5 89 11 13 5 91 48 55 98 66 39 96 35 54 38 93 0 85 24 53 84 76 83 75 8 64 44 58 14 95 38 71 36 49 85 93 92 85 48 42 52 39 90 87 93 28 32 45 13 56 99 98 32 34 25 92 98 70 2 64 17 41 35 6 90 72 99 35 58 0 77 62 39 68 1 85 48 
33 30 62 41 81 12 25 15 37 17 65 59 19 81 29 12 69 35 55 41 86 90 99 86 19 13 26 39 14 63 88 47 93 50 40 27 62 65 42 51 34 60 11 54 41 40 18 10 27 73 52 13 63 3 52 83 69 30 74 83 93 62 83 38 12 23 65 26 89 60 78 23 20 41 29 13 81 48 76 8 21 80 73 37 83 77 20 4 7 94 88 52 9 71 91 21 94 8 0 35 
68 30 59 40 71 40 54 4 88 30 64 62 10 89 99 45 67 19 50 26 65 90 79 74 61 22 48 7 82 0 43 51 30 54 91 53 94 97 57 35 79 21 97 89 62 96 87 29 67 89 56 32 79 87 59 92 61 59 51 43 59 46 46 41 52 90 94 47 87 3 34 67 76 31 8 38 79 47 68 46 36 76 30 67 15 41 59 28 0 63 71 11 9 70 52 62 60 98 61 47 
1 95 66 77 78 75 16 57 74 36 55 11 64 85 30 31 27 42 11 79 5 82 91 66 4 95 28 64 94 89 12 95 36 30 25 66 57 93 75 32 81 30 95 97 68 25 28 47 67 39 26 24 73 69 91 78 65 19 94 59 61 58 6 49 89 83 16 46 76 43 78 57 74 73 54 42 51 34 41 70 25 67 95 51 37 86 81 54 57 75 65 70 34 71 72 23 55 40 21 83 
83 0 93 57 25 99 51 76 86 92 99 11 12 94 14 1 32 95 55 89 23 20 12 9 43 84 84 50 24 5 86 7 57 79 17 83 78 20 11 64 65 10 28 77 56 42 78 88 90 85 30 13 57 42 22 52 78 6 3 54 11 89 61 21 20 30 4 50 51 67 15 68 30 95 45 86 37 75 27 27 12 9 92 69 3 14 21 81 72 76 35 36 17 48 57 37 79 13 88 82 
80 55 50 62 50 47 1 39 74 28 67 86 89 11 7 92 26 28 73 50 5 8 86 74 8 43 12 87 56 52 21 89 59 23 3 9 22 4 48 96 84 67 34 73 31 41 65 57 22 90 59 79 50 46 53 59 41 17 98 98 69 72 39 28 95 42 89 70 99 90 18 83 9 53 9 40 46 74 49 68 65 9 47 15 7 1 26 48 18 25 98 40 97 89 20 44 32 62 14 31 
52 33 66 13 38 75 54 84 2 3 53 19 64 0 86 71 53 13 20 24 90 70 16 87 60 36 31 92 50 98 75 54 83 93 68 21 21 22 5 23 77 58 94 42 11 80 13 64 45 85 40 35 56 56 74 16 93 58 60 95 56 87 50 39 80 18 12 1 40 17 76 17 28 22 11 39 3 25 55 0 10 96 88 18 52 62 34 97 72 46 93 80 33 43 71 66 13 83 19 53 
1 96 22 29 18 34 20 73 11 75 26 73 71 14 92 24 28 78 73 1 25 66 81 10 61 53 76 74 88 48 79 89 96 2 70 66 88 90 40 99 18 18 72 89 32 16 65 60 95 39 13 72 57 95 34 71 0 11 97 40 11 77 82 7 31 52 73 19 95 65 70 13 83 42 54 15 59 72 28 6 63 41 78 72 88 12 43 40 75 41 81 86 70 63 45 1 67 19 20 62 
84 42 27 68 84 34 35 95 6 63 53 69 5 31 93 45 96 37 86 23 30 67 62 0 82 7 1 49 26 73 64 11 15 43 31 51 77 66 99 35 30 52 56 87 36 50 84 84 87 70 7 69 89 69 69 71 29 70 21 55 95 37 18 10 80 49 13 58 68 12 45 50 17 2 89 53 52 73 37 91 44 96 60 33 66 29 57 95 51 78 2 98 67 73 8 47 22 73 57 42 
38 3 92 55 57 81 60 9 55 97 52 51 93 64 36 11 45 93 58 48 23 61 46 90 34 6 90 8 79 47 3 69 50 95 24 7 29 84 68 36 33 72 87 27 88 75 90 33 69 49 81 44 62 79 87 96 85 77 56 17 24 59 86 27 7 11 86 36 47 7 24 81 31 63 60 20 38 50 53 59 51 87 4 13 66 91 61 52 20 70 69 44 81 7 23 88 18 10 76 18 
17 0 51 48 15 11 20 54 13 74 13 17 13 69 30 79 12 44 83 32 14 4 77 95 12 0 36 82 62 64 0 31 17 51 80 32 14 52 86 80 26 52 97 91 21 79 71 34 23 6 66 89 63 95 37 27 48 73 9 10 89 62 94 6 65 26 39 32 78 25 12 5 29 9 96 51 40 19 37 64 78 55 5 41 3 42 20 51 67 29 13 57 43 7 63 61 85 54 93 64 
32 57 69 61 18 17 64 58 89 1 74 19 9 80 60 12 74 32 15 42 13 80 51 57 40 14 70 25 21 63 89 53 72 10 14 90 28 79 48 69 32 75 88 41 55 0 5 29 32 20 23 45 1 74 54 93 41 24 18 62 39 8 67 11 70 33 1 98 64 2 19 97 77 7 90 84 59 96 65 43 68 89 89 21 15 95 14 8 20 85 22 59 45 89 71 15 23 24 66 87 
78 85 36 7 45 27 91 4 75 9 48 95 50 89 17 17 84 83 26 56 68 48 68 13 38 91 29 61 15 95 0 46 32 37 53 77 16 97 34 91 6 34 86 8 75 55 25 11 39 51 68 7 0 36 73 90 27 54 3 94 49 3 40 33 92 94 11 8 91 97 51 49 31 38 57 6 93 34 17 84 38 37 44 90 73 17 80 52 71 35 47 72 38 87 57 83 81 68 91 24 
65 43 25 48 33 34 6 78 69 76 63 7 13 7 97 87 76 29 91 99 64 38 23 54 26 80 37 59 1 29 36 18 24 61 67 57 48 25 35 17 1 50 76 15 57 25 54 85 6 45 84 70 84 59 76 62 40 14 73 41 95 9 59 19 23 78 28 71 4 15 88 57 66 16 72 75 93 78 61 99 76 97 69 12 57 45 74 97 11 47 90 58 9 1 77 32 32 57 3 88 
73 43 45 91 59 70 66 52 48 79 51 76 77 72 88 34 69 62 83 33 62 73 91 71 26 21 3 58 78 58 46 3 1 92 94 12 14 61 64 14 40 67 91 69 91 79 55 12 94 38 45 56 63 89 79 90 10 34 0 40 92 47 44 93 91 90 57 5 3 73 19 44 92 10 65 83 42 21 47 36 59 45 92 75 34 23 65 96 57 65 36 1 64 32 46 7 23 3 64 26 
76 84 22 68 46 40 3 88 61 50 24 72 95 68 47 81 91 64 29 0 82 18 1 98 50 47 6 25 50 70 4 26 6 78 94 53 18 49 93 79 0 70 4 47 38 51 81 82 68 10 82 50 80 84 0 31 83 6 8 34 77 12 12 83 43 59 88 61 8 34 93 8 4 97 8 42 0 89 76 68 51 59 70 32 95 71 15 78 29 75 64 58 40 77 42 83 36 82 44 44 
16 89 5 20 86 65 15 39 6 91 59 9 2 82 41 97 5 8 28 34 84 92 93 76 69 87 59 57 21 55 54 38 45 11 10 83 76 77 74 82 21 34 91 23 68 85 73 73 45 1 59 81 45 52 57 67 91 16 24 13 24 30 3 69 41 13 4 69 43 79 51 64 65 95 87 33 32 60 6 29 13 65 11 11 70 68 78 61 37 2 26 61 33 29 82 26 95 86 96 38 
17 99 54 82 46 41 67 30 54 73 60 19 91 71 30 13 91 8 74 28 63 53 89 48 34 23 74 29 10 22 19 79 22 73 62 68 67 29 51 73 55 11 92 98 82 23 11 25 83 37 54 46 90 95 46 25 19 73 6 29 95 78 8 17 51 22 38 70 4 89 43 11 52 36 9 86 11 20 11 46 9 65 45 52 61 91 77 80 64 35 61 60 13 21 29 17 96 19 39 0 
8 83 63 12 71 72 98 34 44 10 80 53 75 77 5 88 69 34 68 85 22 81 45 87 55 27 56 51 46 96 3 7 79 66 19 2 90 18 36 34 28 68 39 55 46 97 44 67 83 64 52 57 46 50 45 1 77 1 52 23 97 7 82 28 73 2 82 63 20 70 49 0 91 88 55 37 37 99 4 21 64 8 78 62 58 75 63 87 77 67 63 26 26 45 7 99 47 41 14 19 
12 63 71 3 3 27 92 41 78 48 14 42 56 44 56 67 20 71 54 49 90 17 27 16 63 86 15 62 28 81 82 92 44 53 47 48 32 39 41 11 39 55 5 95 51 62 62 23 33 17 72 76 86 52 92 49 38 60 64 18 41 46 62 86 51 9 86 36 0 27 47 39 34 4 87 37 18 49 61 4 18 85 80 57 37 72 6 28 32 70 98 74 68 61 12 72 22 98 60 75 
77 59 14 63 63 1 0 82 3 61 86 73 47 66 30 36 90 89 64 23 11 15 49 32 28 61 4 50 11 16 25 40 75 92 3 38 45 55 72 48 17 58 74 16 76 56 52 67 45 69 90 57 84 91 89 12 4 45 62 67 61 40 7 36 32 62 26 29 17 99 78 86 9 4 2 86 60 55 53 58 24 95 15 8 86 56 20 42 53 34 9 66 26 68 54 10 30 80 40 99 
31 70 86 41 74 88 27 34 95 32 44 19 27 59 79 65 67 51 7 72 86 16 38 64 36 44 75 66 25 15 65 8 85 3 49 11 92 28 97 87 60 42 59 87 53 38 52 21 90 11 45 28 79 84 92 15 28 67 81 5 34 99 14 19 54 15 82 46 44 80 86 4 22 45 44 75 35 48 96 77 12 94 5 91 78 50 7 58 69 40 16 56 91 82 27 46 97 10 44 93 
90 82 98 12 79 94 87 15 94 36 44 6 30 2 98 60 52 57 70 73 97 86 29 41 68 57 87 66 67 83 59 57 66 9 21 45 55 8 12 50 44 57 8 26 59 6 86 11 63 57 36 13 95 66 54 64 75 93 82 42 76 93 51 42 3 72 88 10 32 52 60 29 9 21 55 68 27 94 31 43 3 68 56 98 86 62 62 61 55 96 55 31 90 58 26 45 30 66 55 14 
18 68 43 28 89 51 48 68 45 80 11 48 0 19 46 86 81 61 47 88 57 54 72 47 12 98 92 94 64 0 8 34 68 4 62 9 55 11 77 0 43 89 0 43 60 98 29 94 59 28 82 69 82 54 16 46 4 61 40 20 13 0 55 81 4 69 90 59 32 19 11 75 60 63 18 21 62 99 15 21 27 49 42 61 56 11 7 60 72 99 33 37 0 88 18 56 57 60 68 42 
31 79 17 92 43 36 13 57 35 28 78 15 29 21 76 85 32 36 98 56 35 31 93 87 19 63 44 28 75 64 70 6 43 40 98 38 28 63 95 15 43 26 30 73 99 59 58 83 95 8 91 82 39 36 70 10 51 66 39 26 30 61 84 25 1 35 16 29 50 63 45 94 41 27 19 92 86 29 27 33 38 18 68 77 6 90 88 57 8 79 35 38 92 20 15 46 7 83 27 57 
99 24 3 40 52 22 85 90 52 12 76 90 83 44 19 89 34 7 47 42 38 82 32 31 54 99 77 13 35 4 23 34 29 26 26 33 49 11 75 1 76 51 43 59 47 62 48 81 22 95 75 60 30 59 91 84 59 20 50 94 25 73 80 6 99 6 91 48 70 66 1 46 18 96 5 65 59 53 99 81 1 26 93 31 86 85 67 97 57 17 43 34 90 75 40 90 81 83 90 51 
50 44 49 20 92 54 37 3 60 36 84 61 15 30 44 53 15 11 50 72 29 45 59 71 20 99 13 53 35 56 57 85 52 6 57 44 13 94 48 73 83 84 86 98 14 30 51 81 41 53 6 22 50 65 46 70 16 59 75 51 67 32 88 19 91 45 16 4 92 64 29 75 0 15 25 15 45 28 96 38 33 54 13 83 19 11 5 36 22 80 39 90 13 28 61 4 25 77 60 17 
41 89 44 94 4 69 9 1 97 57 91 30 12 56 65 83 67 70 71 90 51 11 80 16 91 93 20 16 71 80 86 64 21 30 58 25 0 19 78 49 77 69 32 41 26 49 24 93 20 96 35 71 59 67 87 50 61 59 18 32 91 4 48 12 35 7 89 87 26 67 88 55 36 72 96 14 22 21 8 42 69 43 65 28 11 4 30 24 15 48 56 58 5 4 70 40 63 11 79 90 
78 67 97 66 40 94 81 14 67 89 56 36 84 73 16 47 77 98 71 44 98 79 2 3 36 72 95 99 83 74 41 13 94 91 79 86 85 60 0 52 1 8 40 38 81 8 37 10 6 61 54 4 92 56 60 28 80 55 80 15 30 73 28 76 64 59 62 1 72 62 53 25 22 45 15 3 53 53 65 11 66 19 68 58 27 28 39 7 35 71 74 17 96 54 93 13 65 55 14 37 
69 20 15 43 65 30 46 71 35 63 34 1 34 54 12 61 34 3 20 70 74 94 87 70 0 33 83 66 88 50 55 10 70 70 53 87 1 52 10 88 15 45 42 50 99 54 63 86 57 84 56 83 30 95 5 83 28 41 49 69 91 4 79 61 27 84 0 80 88 11 68 56 8 10 58 59 16 21 45 25 57 1 60 40 97 66 23 25 7 24 94 98 80 25 11 7 62 11 39 50 
22 60 58 82 22 16 42 39 90 87 16 47 89 77 39 38 43 14 15 2 38 62 0 71 39 63 30 1 74 70 4 49 30 62 31 52 31 73 43 21 13 12 20 2 89 60 92 84 74 7 86 65 21 38 36 61 1 66 62 27 88 18 28 70 33 12 75 64 37 18 85 50 30 5 4 71 17 96 55 92 56 93 9 77 31 45 38 84 63 53 12 4 71 40 74 56 52 49 20 90 
20 57 92 50 15 97 74 32 93 81 76 1 75 85 79 58 82 17 43 46 22 55 50 46 47 76 2 52 26 75 42 46 84 34 48 99 83 22 84 77 56 60 30 31 98 9 89 80 79 84 78 1 91 28 99 39 57 2 91 83 29 85 81 13 71 29 13 55 4 97 84 60 9 14 43 7 24 84 88 3 69 66 56 60 47 56 51 56 10 42 39 39 27 72 4 99 53 17 54 57 
66 38 69 76 4 64 35 28 49 75 83 70 94 92 82 93 0 34 49 10 76 40 1 56 12 5 7 65 75 61 75 41 51 96 69 55 61 57 36 62 32 71 32 26 63 14 71 63 0 20 25 77 60 26 85 24 84 92 90 59 5 17 52 56 65 22 63 78 31 51 40 63 23 24 42 38 91 13 2 91 86 27 68 46 6 5 23 90 97 65 1 2 82 53 10 99 27 74 78 58 
77 18 74 0 43 68 39 34 33 93 25 19 72 46 18 30 51 41 72 1 6 73 3 40 79 14 39 6 40 17 17 17 88 43 70 83 11 9 17 96 54 94 16 26 92 86 57 96 27 29 97 85 55 0 77 34 66 68 92 6 86 61 76 26 4 46 9 67 7 78 64 61 72 32 39 17 18 48 13 97 30 10 34 85 62 11 71 29 79 63 87 17 25 63 43 81 9 4 49 68 
82 13 29 55 45 21 72 15 69 37 12 99 47 46 36 61 9 7 42 88 23 30 58 48 93 1 29 55 58 30 23 40 43 5 47 40 26 71 55 95 8 67 47 7 65 83 69 74 91 11 63 14 93 73 14 39 74 95 94 32 26 69 25 21 26 72 62 52 44 17 0 4 37 47 12 2 30 33 77 73 96 92 39 90 65 5 81 91 1 27 76 79 96 53 0 23 25 62 27 21 
32 27 78 69 26 90 23 57 75 52 82 71 96 74 13 13 79 94 5 32 21 33 63 70 86 64 45 63 78 72 37 62 52 15 83 78 57 7 35 32 11 70 55 8 44 69 21 75 15 78 60 89 63 23 59 49 39 4 65 18 28 2 32 80 17 16 59 74 75 46 58 86 16 13 94 12 34 16 40 50 46 0 91 10 23 50 59 63 6 76 33 34 78 65 15 47 81 74 73 56 
20 83 95 89 49 89 1 83 57 41 85 4 93 76 14 17 26 25 80 32 2 65 19 32 30 34 32 64 8 57 72 80 41 67 69 90 9 23 25 66 16 11 70 10 39 84 27 18 62 59 2 64 24 21 48 6 55 32 70 15 90 95 96 83 14 17 25 23 40 50 90 57 13 60 19 53 97 46 71 11 57 25 27 33 47 75 39 54 8 62 70 50 9 66 33 23 83 58 47 76 
60 37 85 74 49 4 79 98 2 2 9 11 27 36 44 74 64 35 29 24 49 51 74 58 17 59 82 52 69 81 80 81 70 65 55 19 69 86 70 23 88 31 34 16 20 78 42 84 66 23 60 15 74 86 26 43 45 8 48 66 41 28 47 11 94 55 82 15 41 52 39 30 84 73 98 4 4 40 40 70 16 0 37 90 86 63 34 83 23 34 49 64 62 48 75 8 3 58 76 45 
10 15 75 46 40 25 2 96 17 42 18 33 94 56 76 80 19 10 15 43 44 64 7 58 13 83 67 68 93 43 13 55 10 40 2 2 65 4 99 83 99 17 68 93 73 44 26 45 6 41 88 2 58 95 61 23 30 80 91 75 75 5 31 37 97 85 39 63 41 90 98 40 60 18 86 85 63 64 30 21 5 18 24 15 66 37 38 96 17 82 24 44 39 55 81 36 40 20 51 33 
63 1 26 23 72 12 8 35 76 39 56 33 9 32 1 75 69 91 24 86 73 48 30 64 3 63 53 95 84 56 80 99 58 6 22 30 70 82 17 98 21 25 32 31 58 85 58 27 76 82 66 2 30 48 66 85 12 19 32 48 76 13 47 86 19 21 68 90 3 37 88 77 62 72 60 20 57 18 0 86 1 66 88 83 66 6 21 78 26 53 26 54 18 25 92 38 46 60 80 50 
97 20 79 11 93 39 84 2 57 84 88 10 2 28 46 68 35 67 47 13 72 25 67 91 3 59 81 49 71 61 51 20 81 30 31 26 21 15 29 79 99 69 41 53 98 87 22 85 6 21 98 79 46 65 70 1 76 51 3 99 64 54 19 45 37 50 24 58 18 53 89 69 74 31 23 24 70 45 9 77 66 7 56 64 24 78 66 0 81 69 99 45 75 70 42 64 73 66 75 91 
71 64 60 46 47 83 22 18 80 32 95 98 39 3 15 64 81 81 16 14 2 68 59 29 38 53 94 11 72 21 2 43 85 15 41 85 50 64 3 83 48 50 81 87 53 96 3 86 29 20 0 31 88 11 13 78 64 7 90 36 28 44 32 65 59 73 2 62 89 5 45 37 7 26 77 12 75 80 98 4 52 98 88 92 61 1 71 26 60 13 14 40 57 46 5 17 72 8 31 61 
65 76 51 25 2 28 37 77 60 36 34 65 86 22 57 48 75 80 26 35 93 40 75 51 87 32 20 11 92 51 72 10 27 75 35 81 3 24 11 16 12 45 81 51 67 38 99 94 19 77 29 12 17 56 15 56 40 35 67 33 86 92 95 65 67 82 47 71 6 58 39 19 3 20 70 22 58 21 16 29 98 97 94 67 53 9 76 45 45 43 78 83 87 25 49 55 7 96 78 66 
54 17 37 9 37 59 83 47 80 51 29 30 48 23 49 53 84 25 50 81 21 29 65 8 6 14 15 14 62 93 32 68 62 69 29 51 28 12 99 60 63 80 42 63 55 91 68 39 69 18 73 90 99 38 50 6 4 66 72 66 11 4 86 74 25 15 25 53 27 76 13 42 56 7 57 63 98 25 55 19 95 28 61 47 66 12 5 22 30 77 88 41 33 26 67 10 41 93 63 68 
21 28 62 78 35 19 93 85 96 48 5 43 76 66 90 94 30 95 16 60 24 56 54 9 82 21 19 23 66 34 43 88 14 5 18 49 76 11 87 72 60 44 68 88 10 58 83 41 54 51 53 30 8 7 40 42 81 11 66 47 46 61 35 60 67 53 62 95 65 1 68 77 45 88 65 55 46 0 48 52 52 54 83 12 13 75 54 94 38 72 42 36 34 29 49 1 83 11 96 0 
64 16 29 9 4 46 16 3 47 17 55 51 71 90 15 84 17 69 79 56 42 73 92 76 2 93 29 85 4 77 37 68 46 66 29 2 65 46 5 64 63 13 15 34 3 30 70 73 51 1 81 93 74 25 21 77 19 50 14 75 28 4 96 74 22 25 28 87 71 34 51 86 47 18 72 2 48 43 27 52 96 8 45 71 34 67 0 5 69 14 80 49 18 76 75 93 2 4 80 25 
38 32 64 37 50 36 91 51 31 71 3 28 79 48 51 65 67 51 70 89 17 51 38 88 27 14 81 81 70 61 59 60 93 23 97 96 59 40 47 43 11 50 71 43 50 22 60 70 25 31 11 42 34 49 30 13 15 63 95 85 25 54 45 70 77 94 66 88 35 65 31 98 67 2 93 70 76 54 92 1 85 3 96 71 52 78 84 68 42 79 53 67 85 51 89 14 45 8 3 32 
73 34 83 93 89 76 63 17 30 55 71 67 58 67 38 62 97 23 82 39 54 88 58 92 39 48 6 84 8 9 69 33 96 52 26 85 28 89 54 11 96 25 30 6 44 69 69 42 44 3 81 50 91 92 42 30 92 49 67 0 10 36 33 6 88 12 43 68 1 98 79 50 75 10 8 20 31 77 14 27 33 95 77 24 39 72 55 31 73 74 83 35 62 69 94 50 81 37 70 34 
87 50 84 63 12 93 35 43 22 49 22 55 96 51 32 88 23 39 19 48 13 55 84 75 24 78 77 57 67 47 91 7 49 28 70 61 73 57 56 95 6 78 3 54 82 35 42 5 26 14 6 39 21 90 66 45 20 43 2 87 42 45 94 92 73 16 5 46 25 62 94 83 92 49 38 74 36 32 32 62 46 38 53 67 80 19 64 0 14 18 39 56 64 86 0 89 54 6 36 80 
68 30 63 12 31 53 87 67 86 71 29 84 9 82 4 41 1 68 93 67 39 32 23 3 70 76 92 25 82 80 5 2 62 20 14 93 74 53 60 60 24 89 96 85 23 0 26 76 69 19 43 8 4 19 63 74 95 7 99 77 40 56 31 2 77 45 48 3 99 8 63 75 50 11 61 73 12 39 50 33 11 45 93 15 64 56 41 11 15 93 40 55 49 71 10 78 17 58 81 68 
66 96 43 68 8 56 94 72 96 96 5 59 41 98 74 58 6 67 69 73 60 10 29 62 81 91 92 50 49 74 18 67 22 14 36 30 70 30 54 18 26 59 77 67 9 3 77 67 71 47 41 83 9 22 97 42 13 90 93 14 16 63 81 38 29 17 21 0 99 75 70 77 35 48 97 96 3 74 64 26 21 57 10 82 79 59 25 44 1 70 58 17 33 91 56 63 61 77 15 60 
4 37 38 39 37 35 88 41 61 52 67 83 61 29 17 92 41 42 36 42 12 46 60 98 89 68 13 50 45 80 63 1 17 1 41 55 88 81 48 49 33 67 84 46 49 54 38 90 96 26 32 61 24 44 11 13 12 24 64 9 56 79 11 25 32 4 80 20 85 80 21 70 0 58 16 49 12 54 39 60 80 23 73 4 68 84 69 32 60 85 42 16 64 5 42 96 9 74 68 94 
7 42 64 7 0 80 56 64 86 47 76 18 22 50 74 42 34 43 75 47 29 69 15 45 74 9 42 83 36 62 29 43 4 93 2 56 25 10 20 63 9 97 81 31 99 7 26 85 50 1 32 31 22 48 29 96 9 71 31 45 85 60 88 90 5 42 46 30 52 19 45 61 68 78 45 67 85 71 52 87 24 37 71 46 37 0 42 46 23 73 92 8 85 32 98 90 27 97 72 79 
68 17 93 36 95 38 55 80 9 7 67 33 96 90 31 33 90 73 32 13 98 76 22 83 8 72 25 87 21 97 67 89 14 60 25 9 50 80 41 59 40 60 44 88 51 75 74 93 0 6 7 50 82 81 85 42 5 10 30 27 7 49 68 21 9 94 82 11 26 75 70 18 87 66 59 38 93 33 32 93 39 91 43 73 24 80 15 29 90 97 8 97 46 77 70 7 71 52 18 49 
79 40 20 66 6 79 57 99 12 89 44 3 32 39 76 56 19 43 85 61 41 94 58 39 23 28 99 94 32 17 95 63 10 15 30 68 46 87 20 58 28 64 61 60 56 37 68 27 81 5 89 74 51 47 13 74 28 64 20 12 82 16 76 44 83 58 12 30 45 32 88 25 49 2 37 57 91 5 84 24 62 73 98 14 73 64 88 53 28 9 65 62 77 93 58 60 51 71 42 48 
55 83 73 56 85 10 13 28 67 98 53 30 23 3 44 96 19 84 49 0 45 67 14 22 60 73 35 64 96 29 12 51 12 86 60 49 48 73 30 68 23 83 50 99 38 46 47 58 30 49 58 28 16 72 2 28 97 89 92 93 19 5 97 83 43 57 85 43 82 15 11 6 98 61 57 36 59 4 46 90 53 4 18 21 29 20 50 78 10 42 72 81 99 69 64 94 78 1 38 60 
16 1 18 66 15 75 55 74 80 1 16 85 58 86 7 39 59 57 17 69 51 89 2 3 10 18 97 88 20 87 1 36 41 19 3 8 95 58 82 27 11 51 12 69 37 71 8 96 80 26 17 32 67 19 87 30 90 84 70 10 24 71 46 65 91 1 25 38 11 59 65 23 10 29 92 0 1 1 96 81 79 66 65 98 37 52 80 27 89 51 37 65 22 36 82 65 37 7 3 49 
66 68 72 77 98 64 29 51 17 25 32 48 43 98 99 81 2 79 8 91 30 46 56 5 82 38 70 71 45 74 20 12 94 44 41 44 61 70 95 78 47 28 79 91 78 78 24 80 57 32 72 40 30 80 45 64 19 67 36 16 41 8 80 88 53 73 32 14 43 28 44 43 8 75 86 86 5 10 66 15 42 90 55 25 71 52 89 90 19 77 6 13 86 39 1 91 12 85 5 8 
13 1 51 21 29 89 59 34 99 26 49 93 16 56 18 87 8 60 29 80 37 88 45 23 27 98 14 39 83 71 47 49 25 50 22 54 39 82 88 90 60 90 36 76 46 6 16 7 66 97 39 56 85 84 79 12 82 46 4 17 69 3 66 94 54 89 0 45 23 41 88 83 31 24 11 29 30 79 88 49 77 27 5 62 11 36 27 45 34 83 63 4 86 29 50 92 70 51 90 45 
44 78 28 27 54 92 56 36 71 97 85 0 24 42 15 88 79 94 33 65 77 96 69 15 78 20 60 48 23 50 46 67 80 74 94 86 18 2 22 42 99 60 42 76 2 57 64 33 3 49 99 80 98 20 48 76 92 8 76 15 10 22 34 90 49 80 76 67 83 50 61 34 10 4 62 65 13 78 50 17 28 1 49 26 22 97 2 14 57 30 82 67 53 16 9 54 97 37 73 32 
88 35 18 50 39 81 15 4 59 18 21 39 19 23 65 93 20 19 60 78 2 42 97 7 10 7 61 59 44 34 91 84 69 62 35 60 95 2 65 6 72 38 46 92 61 63 37 34 35 49 64 37 91 61 44 54 20 5 13 65 39 57 1 61 71 36 21 66 91 38 72 63 77 18 7 38 34 45 24 69 94 88 6 38 50 2 44 70 7 57 87 98 66 41 11 37 77 33 3 20 
71 28 84 0 98 43 91 32 40 15 53 87 4 11 25 6 13 21 28 20 30 16 71 97 57 82 86 86 67 42 59 91 70 95 91 20 38 82 53 79 50 58 66 54 70 43 12 83 64 40 56 94 8 79 43 17 61 82 56 81 24 15 72 46 10 15 66 0 50 19 79 0 78 97 6 0 40 18 83 56 58 91 3 67 70 98 84 32 80 40 13 4 7 37 50 17 4 17 18 54 
88 49 6 18 47 12 18 39 30 54 48 41 45 51 60 16 1 96 0 82 37 65 38 96 2 41 14 6 58 84 13 98 33 19 69 32 32 39 24 14 93 72 7 39 75 67 7 76 64 7 10 53 72 49 49 26 90 15 32 0 99 97 50 85 17 19 69 1 59 93 15 4 17 23 95 92 42 2 21 6 9 31 59 33 32 61 59 74 76 44 26 76 41 77 13 58 48 34 59 59 
28 27 16 97 2 11 42 44 14 63 51 75 46 62 9 31 23 68 5 52 12 84 80 6 13 93 16 61 27 76 73 7 55 89 5 57 0 47 53 66 62 56 42 60 71 51 91 46 71 49 98 36 33 78 42 46 71 58 59 51 86 32 10 41 73 67 50 26 66 56 92 80 12 86 41 35 89 32 82 61 81 80 97 66 59 91 12 82 49 72 33 36 56 96 29 30 63 32 56 82 
88 48 62 52 35 3 40 24 88 22 37 21 2 86 88 61 77 0 44 27 24 29 15 81 77 96 11 93 28 67 75 68 67 89 73 54 45 13 31 33 35 68 54 89 55 94 51 84 95 47 11 71 28 78 52 58 75 15 51 55 34 78 24 2 67 49 8 12 62 39 97 49 60 4 38 67 98 41 51 93 40 15 17 21 93 69 79 20 85 82 76 19 60 52 73 79 1 82 44 15 
21 41 16 81 97 6 48 96 0 52 41 92 67 58 13 12 28 44 33 65 78 9 36 38 13 10 70 66 92 14 33 65 7 49 99 5 7 99 53 7 51 94 52 18 53 17 83 33 62 16 50 40 77 86 31 42 96 53 8 40 19 41 58 26 42 57 83 49 56 36 9 60 31 61 30 36 78 13 21 92 81 71 85 58 57 68 0 6 21 60 98 40 1 56 18 95 13 54 45 22 
90 6 82 73 67 64 61 97 78 82 90 59 53 27 70 11 95 22 69 68 83 67 8 36 24 78 32 89 32 29 63 75 35 97 0 54 62 62 51 40 96 93 51 50 20 21 13 67 44 82 35 79 1 95 15 25 74 99 67 58 28 30 33 63 28 34 17 90 48 21 30 44 14 33 46 35 55 11 54 51 45 90 82 47 85 49 24 11 49 91 70 77 22 3 93 50 89 62 40 89 
83 22 86 98 55 84 85 62 96 39 65 41 29 99 40 67 49 65 78 98 56 48 27 78 4 72 28 45 35 20 35 18 94 21 68 50 5 53 64 53 45 82 47 26 81 87 93 30 4 24 80 61 24 60 91 28 32 72 74 19 92 61 38 87 82 58 89 39 12 5 45 57 87 92 35 69 31 29 51 88 5 84 49 29 44 92 58 28 64 84 48 9 45 38 48 79 96 37 70 8 
42 15 17 82 59 5 51 43 34 54 31 91 38 32 20 82 24 30 11 89 66 11 50 11 49 98 42 45 35 65 6 29 80 23 11 92 28 14 35 14 21 66 57 59 98 78 94 74 60 57 15 27 68 65 90 17 63 33 62 50 98 20 32 30 96 95 22 76 10 9 43 83 27 0 42 25 78 36 0 39 45 15 18 13 33 8 82 96 93 97 47 43 17 31 26 13 26 48 90 88 
10 33 71 37 33 14 15 64 2 67 55 48 82 73 13 67 33 96 64 27 93 63 22 62 94 48 76 20 49 66 61 59 51 32 96 84 98 11 0 53 78 55 53 13 80 66 32 14 14 96 93 59 11 15 22 5 64 98 78 65 16 39 24 67 23 72 3 22 36 56 75 66 11 28 31 44 46 64 58 61 12 3 20 24 70 42 81 34 92 59 99 8 50 75 27 74 48 83 96 36 
39 23 2 2 3 86 46 49 50 56 62 62 11 35 86 82 29 68 16 22 79 68 82 82 95 10 56 95 45 4 31 84 79 86 86 82 72 85 83 22 93 46 36 5 33 75 87 62 95 55 84 74 75 67 8 71 29 16 66 74 72 50 10 51 36 96 85 60 33 69 82 27 67 70 84 0 45 71 62 40 26 99 67 54 66 75 25 47 92 43 21 64 93 31 68 81 79 53 41 65 
74 75 44 41 46 28 93 91 51 8 84 29 7 51 83 25 26 8 72 70 4 45 87 49 28 55 31 59 8 24 24 83 0 68 76 98 48 22 41 99 30 25 29 37 76 12 14 55 73 38 77 77 83 64 26 63 71 9 22 80 34 99 15 34 67 43 84 68 65 25 67 95 51 48 84 79 61 98 86 34 88 64 63 71 28 89 86 0 99 9 32 85 8 99 71 27 42 55 47 60 
80 15 55 83 63 92 63 76 42 49 62 31 13 25 54 94 67 41 46 18 2 30 3 62 29 26 41 23 81 89 35 61 56 91 45 71 35 60 48 77 9 62 60 75 40 15 21 7 8 67 77 62 49 32 24 30 58 65 5 39 6 41 52 62 32 49 34 19 9 34 48 71 96 9 46 36 76 67 95 36 86 72 98 35 56 22 17 14 39 22 5 98 63 10 60 47 59 46 66 21 
80 15 44 29 76 90 17 52 9 13 88 47 37 86 82 94 60 51 60 51 73 18 49 37 28 62 84 39 8 51 12 41 18 56 22 94 98 39 98 7 52 86 6 42 24 40 88 36 91 0 39 65 18 89 2 98 3 86 90 11 89 54 4 59 11 26 53 61 66 51 21 70 89 27 64 13 68 52 1 59 53 41 24 23 82 78 74 85 65 16 48 6 70 5 66 33 83 71 47 49 
23 68 72 12 95 88 78 15 41 31 75 46 72 51 21 6 30 47 43 47 63 44 5 86 49 71 71 32 43 18 34 18 38 58 82 34 46 60 1 39 44 76 85 16 80 59 75 10 6 18 9 22 62 14 60 63 38 31 96 33 2 82 51 40 40 33 74 86 46 28 78 90 4 63 58 36 74 85 98 81 4 7 55 18 74 15 82 12 46 30 97 0 12 0 41 52 33 67 90 31 
95 68 73 52 84 84 88 58 69 87 91 25 46 46 44 20 13 26 84 12 56 33 12 20 33 53 24 19 21 14 50 16 35 76 68 71 12 9 29 81 96 73 7 42 71 3 15 85 81 51 97 89 85 9 9 18 63 33 37 36 99 40 52 34 68 73 5 80 82 87 61 30 60 20 24 83 23 39 68 4 43 65 93 80 27 54 50 90 87 88 26 87 80 30 73 48 3 31 80 37 
18 41 67 30 14 92 13 89 83 34 46 78 99 91 58 78 46 9 68 85 49 46 24 29 77 98 29 32 81 61 22 99 2 89 81 68 33 46 58 69 80 4 47 32 95 6 10 93 67 79 79 16 77 3 97 6 53 78 91 34 39 13 85 93 54 66 62 88 13 72 9 45 76 56 77 23 62 88 17 29 19 96 97 48 51 94 55 5 72 46 39 63 11 25 57 65 43 19 5 8 
43 14 54 19 23 83 94 85 71 11 67 42 59 16 91 11 11 46 16 35 44 7 99 7 84 8 24 28 79 30 88 22 96 42 41 19 26 87 57 49 51 76 92 10 92 83 73 55 81 41 43 77 1 94 84 85 2 8 65 81 90 54 3 39 48 96 58 26 35 67 76 86 95 20 49 40 55 74 47 88 16 90 65 17 84 1 54 38 9 20 71 52 26 74 91 74 22 1 1 58 
69 29 96 16 49 45 56 56 20 4 44 88 46 61 57 83 62 11 21 71 83 93 23 9 19 14 84 94 68 37 52 89 66 0 5 67 46 14 23 66 18 67 6 16 28 63 99 90 26 73 13 10 18 89 71 89 55 55 83 23 92 87 12 10 88 18 77 34 32 0 52 2 19 10 70 99 73 70 89 99 95 55 61 13 44 33 2 99 40 38 23 33 25 87 95 13 5 73 99 89 
73 3 43 45 13 14 44 86 36 86 38 83 41 51 96 37 84 50 88 25 88 11 10 14 51 5 79 8 30 79 98 4 82 93 1 96 59 45 34 47 31 24 30 24 76 78 61 60 29 50 37 17 13 99 83 64 57 15 73 87 94 23 43 28 68 44 76 28 90 63 27 73 87 58 98 63 36 59 76 17 61 13 87 75 13 70 91 70 37 16 9 31 39 53 12 60 97 40 40 87 
3 67 13 91 25 11 54 14 22 82 31 84 96 18 11 61 41 2 83 78 19 92 62 10 45 26 70 43 66 10 82 70 30 95 13 7 58 19 21 81 2 5 65 50 23 76 11 16 30 46 47 49 38 61 12 36 87 34 31 53 97 65 75 27 61 88 34 71 60 8 52 62 13 17 12 88 45 75 5 76 21 4 77 11 65 41 47 52 76 30 57 73 96 85 52 57 25 86 80 85 
94 33 99 59 2 63 48 0 38 5 28 11 9 5 23 74 47 22 78 75 53 87 0 49 24 52 58 50 90 38 87 37 23 87 96 26 50 44 26 41 49 54 52 10 11 27 36 10 2 66 85 7 54 37 8 30 89 66 80 32 56 68 69 80 7 65 58 57 62 36 98 63 42 3 26 53 82 62 16 84 29 53 91 35 91 99 65 32 17 98 64 26 18 33 58 25 51 16 34 65 
4 85 80 46 40 6 51 22 21 67 7 50 21 50 37 12 50 54 44 67 52 61 45 22 94 3 47 97 19 34 62 75 19 95 21 59 1 73 81 22 40 40 24 13 91 13 77 93 68 74 12 20 35 58 43 29 61 42 79 33 28 41 8 47 36 30 58 90 55 92 64 47 84 89 61 75 2 38 68 70 12 33 43 47 91 38 29 52 32 8 37 61 1 46 60 90 28 71 32 83 
15 96 30 99 37 43 27 40 34 47 62 98 80 57 46 71 47 27 76 80 87 13 93 40 11 5 30 39 76 62 74 91 59 5 43 96 0 70 88 34 17 3 33 50 12 31 73 60 10 49 92 97 15 85 37 26 90 20 66 19 82 40 62 93 97 5 42 50 75 82 84 45 85 69 95 98 0 20 10 62 70 2 59 85 39 49 63 81 69 81 52 3 74 15 49 23 20 91 73 48 
25 10 45 63 79 92 13 32 12 23 94 82 77 6 19 16 55 35 49 76 16 2 79 90 17 28 14 89 71 39 37 49 49 34 12 29 26 25 13 39 0 59 73 77 65 45 45 72 80 94 48 48 96 80 39 65 60 5 55 32 44 44 81 46 79 45 75 57 70 40 96 70 99 70 99 65 67 44 37 47 38 38 95 87 70 86 4 30 43 59 14 88 56 95 34 87 92 61 44 62 
